CARD	RISK	BASEL	EST	FRQ	MAX
KR1	24	3	0.04	0.01	12
KR10	198	3	0.4	0.1	0.7
KR10	199	3	0.008	0.1	0.6
KR10	200	3	0.4	0.1	1.2
KR10	202	2	0.02	0.1	0.7
KR10	206	7	0.04	0.65	1.2
KR101	2595	1	0.22	0.3	3.2
KR102	2630	5	0.4	1	0.6
KR102	2651	1	0.4	20	0.8
KR102	2652	4	0.8	10	1.2
KR102	2653	4	0.8	10	1.2
KR102	2654	1	4	10	8
KR105	2782	4	0.31	0.5	1
KR105	2783	4	0.8	0.2	2.8
KR106	2579	3	0.02	0.3	2
KR106	2613	2	0.02	0.3	2
KR106	2614	3	0.02	0.5	2
KR106	2615	5	0.04	0.5	4
KR106	2618	3	0.02	0.1	2
KR106	2621	3	0.04	0.5	4
KR106	2626	3	0.04	0.3	4
KR11	222	3	0.03	0.17	0.8
KR11	225	3	0.02	0.17	0.8
KR11	240	4	1.2	0.1	2
KR12	252	3	0.08	0.2	6
KR12	262	4	0.2	0.33	1
KR12	276	4	0.12	0.5	0.6
KR12	278	4	0.2	0.25	1
KR12	284	6	0.161333	0.6	0.7
KR12	296	5	3	0.02	6
KR12	301	4	0.22	0.05	6
KR14	343	3	0.72	0.02	6
KR15	356	1	0.22	0.3	3.2
KR16	377	4	0.4	0.1	0.6
KR16	382	4	0.0711111	0.2	0.7
KR16	388	3	1.2	0.1	6
KR17	2353	4	0.8	0.1	12
KR17	399	4	0.366667	0.2	2
KR17	401	1	0.07	0.2	30
KR2	25	4	0.22	0.17	0.8
KR20	422	4	0.0813333	0.33	0.7
KR20	423	3	0.12	0.33	0.7
KR20	424	4	1.15186	0.33	28
KR20	426	4	0.96	0.5	28
KR20	2420	3	0.8	0.2	3.2
KR20	434	4	0.0813333	0.33	0.7
KR20	436	3	0.0813333	0.33	0.7
KR20	437	4	0.8	0.17	4
KR21	439	4	0.22	0.05	2
KR21	441	4	0.22	0.17	1.2
KR21	442	4	0.22	0.17	0.8
KR21	443	1	0.22	0.02	1.2
KR21	444	3	0.22	0.17	1.2
KR21	445	3	0.22	0.17	1.2
KR21	446	4	0.22	0.17	1.2
KR21	447	3	0.22	0.17	1.2
KR21	448	1	0.22	0.05	1.2
KR21	449	4	0.22	0.17	1.2
KR21	450	3	0.22	0.05	2
KR21	453	4	1.2	0.05	6
KR21	455	5	1.2	0.05	2
KR21	456	5	0.22	0.17	1.2
KR21	457	4	0.22	0.17	1.2
KR21	464	5	0.03	0.67	1.2
KR21	465	3	0.22	0.17	1.2
KR21	466	4	1.2	0.17	6
KR21	468	4	0.22	0.17	6
KR21	469	3	0.03	0.67	6
KR21	474	4	0.08	0.67	2
KR21	476	4	1.2	0.17	6
KR21	479	3	0.22	0.05	1.2
KR22	490	4	0.0751351	0.4	0.7
KR22	491	4	0.0751351	0.4	0.7
KR22	492	3	0.0751351	0.4	0.7
KR22	493	3	0.0751351	0.4	0.7
KR22	494	4	0.22	0.1	1.2
KR22	496	4	0.22	0.1	1.6
KR22	497	1	0.22	0.1	3.2
KR22	498	3	0.4	0.2	4
KR22	503	4	0.6	0.33	1.2
KR22	506	3	0.22	0.5	1.2
KR22	508	3	0.22	0.5	1.2
KR22	517	1	0.22	0.7	1.2
KR23	524	3	0.22	0.05	1.2
KR23	1919	4	0.22	1	0.8
KR25	575	3	0.012	10	4
KR25	577	5	0.32	0.33	16
KR25	578	3	1.2	0.5	4
KR25	582	7	14	0.02	16
KR25	612	6	0.02	0.2	2
KR26	638	1	0.004	1	0.8
KR26	642	1	0.03	1	0.8
KR26	644	3	0.036	1	0.8
KR26	645	1	0.22	0.2	1.2
KR26	654	1	0.03	1	6
KR26	656	3	0.03	0.17	1.2
KR26	657	3	0.22	0.05	1.2
KR26	658	1	0.03	0.05	1.2
KR26	659	3	0.22	1	2
KR26	661	1	0.03	1	6
KR26	665	1	0.03	1	6
KR26	667	1	0.03	1	6
KR26	673	4	0.056	1	1.2
KR29	727	3	0.22	0.1	1.7
KR30	728	4	0.018	0.14	1.7884
KR33	828	4	0.03	0.17	0.8
KR33	831	4	0.2	0.05	0.8
KR35	879	4	0.15	0.05	1.5
KR35	882	1	0.012	0.05	6
KR35	885	4	1	0.1	2
KR35	891	4	0.4	0.2	0.8
KR38	1024	3	0.2	0.1	0.6
KR4	49	4	0.208	1	1.04
KR40	1071	3	0.06	0.2	0.7
KR40	1072	4	0.1	0.2	0.8
KR41	909	6	0.8	0.05	4
KR41	919	7	1.2	0.02	6
KR41	922	7	0.16	0.05	0.7
KR41	1083	4	0.8	0.05	6
KR41	1084	4	0.6	0.05	6
KR41	1086	3	1.8	0.1	3.6
KR41	1093	4	0.04	0.05	0.8
KR41	1097	4	0.04	0.1	1
KR41	1103	1	0.4	0.02	4
KR41	1116	3	0.4	0.2	2
KR46	1300	4	1.6	0.17	16
KR46	1302	4	1.2	0.2	4
KR46	1304	3	0.4	0.5	1.2
KR46	1305	5	0.4	0.5	1.2
KR46	1308	4	0.8	1	16
KR46	1309	4	0.6	0.2	2
KR46	1315	3	0.4	0.2	2
KR46	1316	3	2	1	4
KR46	1318	1	0.6	0.33	2
KR46	1335	3	0.4	0.2	1.6
KR46	1336	5	0.8	0.33	2
KR48	1356	2	0.22	1	0.8
KR48	1357	3	0.22	0.2	1.2
KR49	1420	1	0.2	0.2	0.6
KR5	62	2	2	0.05	4
KR50	1435	2	0.006	1	0.6
KR57	1550	1	0.2	0.01	2
KR57	1555	1	0.06	0.17	1.2
KR57	1567	4	4	0.1	12
KR57	1568	4	2.02	0.05	6
KR58	1591	7	0.4	0.02	1.12
KR58	1592	7	0.4	0.02	1.12
KR58	1593	5	0.2	0.1	0.8
KR58	1595	3	0.31	0.1	1
KR58	1596	3	2	0.2	2.8
KR58	1605	6	0.7	0.05	1.05
KR58	1635	5	0.4	0.2	0.6
KR59	1651	6	0.08	0.2	0.6
KR59	1659	4	0.22	0.2	0.6
KR59	1662	3	0.168	0.5	0.84
KR64	1752	4	0.02	1	0.6
KR64	1753	4	0.02	1	0.6
KR64	1765	4	0.02	2	1.2
KR64	1766	5	0.04	0.1	0.8
KR68	1825	4	1.2	0.02	6
KR68	1826	3	1.2	0.02	6
KR69	1856	4	0.04	0.05	0.8
KR69	1863	4	0.04	0.05	0.8
KR7	90	3	0.4	0.15	1
KR7	97	3	0.6	0.1	2
KR70	1869	4	0.22	0.17	1.2
KR70	1870	3	0.22	0.01	1.2
KR70	1871	1	0.22	0.5	1.2
KR70	1877	3	0.03	0.17	1.2
KR70	1878	4	0.03	0.17	1.2
KR70	1879	4	0.04	0.1	1.2
KR70	1881	3	0.02	0.1	1.2
KR70	1882	3	0.004	0.67	0.8
KR70	1883	3	0.03	0.17	2
KR70	1885	3	0.22	0.17	6
KR70	1887	3	0.04	0.33	2
KR70	1888	3	0.03	0.67	1.2
KR70	1890	4	0.03	0.17	1.2
KR70	1893	3	0.22	0.17	1.2
KR70	1898	7	0.4	0.1	3.2
KR70	1902	6	2	0.05	40
KR70	2889	4	0.04	0.05	1
KR70	1906	1	0.22	0.17	0.8
KR70	1911	3	1.2	0.17	20
KR70	1912	3	0.4	0.05	4
KR70	2890	4	0.04	0.05	1
KR70	2423	1	0.4	0.05	20
KR70	2891	3	0.2	0.05	2
KR74	1997	1	0.4	0.1	0.8
KR76	2060	3	0.03	0.05	1.2
KR76	2061	6	0.22	0.05	1.2
KR77	1059	4	0.0868932	4.12	1
KR77	1067	3	0.56	0.43	3.2
KR77	1079	3	0.4	0.02	3.2
KR8	112	4	0.08	0.33	8
KR81	2271	3	1	0.2	2
KR81	2279	3	20	0.2	40
KR81	2280	3	0.6	0.2	1.2
KR81	2281	3	20	0.1	40
KR81	2289	3	1	0.2	2
KR89	541	6	0.4	0.1	0.8
KR89	545	1	2.8	0.05	4
KR90	408	6	0.002	100	20
KR90	2921	3	0.4	0.05	1
KR94	2259	3	0.4	0.05	1
KR96	2417	3	0.216	0.2	1.304
KR96	2526	5	0.29732	0.05	0.892
KR99	2456	3	0.31	0.1	1
KR99	2457	3	2	0.2	2.8
KR99	2467	5	0.4	0.2	0.6
KR99	2818	3	0.4	0.01	0.6
